0 indi
0 Author: LEGO Digital Designer 4.3
1 70 -138.0503692626953125 -56.409145355224609375 -247.003753662109375 0.984800994396209716796875 0.17368654906749725341796875 0 -0.17364956438541412353515625 0.984591186046600341796875 -0.02063990570604801177978515625 -0.00358447828330099582672119140625 0.02032626979053020477294921875 0.99978697299957275390625 983.dat
1 379 -175.5001068115234375 -62.748790740966796875 -230.05902099609375 0.94708955287933349609375 -0.2939584553241729736328125 -0.128879249095916748046875 0.3000904619693756103515625 0.66850912570953369140625 0.6804714202880859375 -0.11387337744235992431640625 -0.68314278125762939453125 0.721352100372314453125 982.dat
1 379 -144.5001068115234375 -62.75000762939453125 -230.05902099609375 0.951930224895477294921875 0.2864506542682647705078125 0.1085121333599090576171875 -0.2913664877414703369140625 0.7374417781829833984375 0.609331786632537841796875 0.09452207386493682861328125 -0.611658155918121337890625 0.785455226898193359375 981.dat
1 70 -181.9500885009765625 -56.40396881103515625 -247.0036468505859375 0.984814584255218505859375 -0.1736094653606414794921875 0 0.173572480678558349609375 0.984604775905609130859375 -0.020639933645725250244140625 0.00358368759043514728546142578125 0.020326435565948486328125 0.99978697299957275390625 983.dat
1 484 -160.0004730224609375 -71.99742889404296875 -230.249908447265625 1 3.92497968277893960475921630859E-05 0 -3.92497968277893960475921630859E-05 0.99978697299957275390625 -0.02063993923366069793701171875 0 0.02063993923366069793701171875 0.99978697299957275390625 973.dat
1 70 -159.99871826171875 -28.0067615509033203125 -229.342742919921875 0.99999272823333740234375 3.95487622881773859262466430664E-05 0.00381802744232118129730224609375 3.91060129913967102766036987305E-05 0.999787807464599609375 -0.02059861831367015838623046875 -0.00381803209893405437469482421875 0.02059861831367015838623046875 0.99978053569793701171875 972.dat
1 70 -159.99871826171875 -28.0067653656005859375 -229.342742919921875 0.99999272823333740234375 3.95487622881773859262466430664E-05 0.00381802744232118129730224609375 3.91060129913967102766036987305E-05 0.999787807464599609375 -0.02059861831367015838623046875 -0.00381803209893405437469482421875 0.02059861831367015838623046875 0.99978053569793701171875 971.dat
1 70 -159.9991912841796875 -40.00421905517578125 -229.59014892578125 0.99999272823333740234375 3.95701827073935419321060180664E-05 0.003819064237177371978759765625 3.91273169952910393476486206055E-05 0.99978768825531005859375 -0.0206042118370532989501953125 -0.00381906889379024505615234375 0.0206042118370532989501953125 0.9997804164886474609375 970.dat
