0 versuch lego digital designer
0 Author: LEGO Digital Designer 4.3
1 0 -138.0505218505859375 -56.759979248046875 -247.0719757080078125 0.9848077297210693359375 0.17364831268787384033203125 0 -0.17364831268787384033203125 0.9848077297210693359375 0 0 0 1 983.dat
1 4 -175.5000152587890625 -62.75000762939453125 -230.0000152587890625 0.94707787036895751953125 -0.2939845025539398193359375 -0.1289062798023223876953125 0.2977134287357330322265625 0.654255092144012451171875 0.695210158824920654296875 -0.12004338204860687255859375 -0.696795165538787841796875 0.7071535587310791015625 982.dat
1 4 -144.5000152587890625 -62.75000762939453125 -230.0000152587890625 0.951941668987274169921875 0.2864219844341278076171875 0.10848794877529144287109375 -0.2893161475658416748046875 0.724671304225921630859375 0.62541806697845458984375 0.1005153954029083251953125 -0.6267488002777099609375 0.772711277008056640625 981.dat
1 0 -181.9502410888671875 -56.75653076171875 -247.0719757080078125 0.9848077297210693359375 -0.17364831268787384033203125 0 0.17364831268787384033203125 0.9848077297210693359375 0 0 0 1 983.dat
1 4 -160.0000152587890625 -72 -230.0000152587890625 1 0 0 0 1 0 0 0 1 973.dat
1 70 -160 -40 -230 1 0 0 0 1 0 0 0 1 970.dat
1 70 -160 -28 -230 1 0 0 0 1 0 0 0 1 971.dat
1 70 -160 -28 -230 1 0 0 0 1 0 0 0 1 972.dat
