0 untitled model
0 Name: 
0 Author: 9timmann
1 82 20 -32 0 1 0 0 0 1 0 0 0 1 61506.DAT
1 14 20 -32 0 1 0 0 0 1 0 0 0 1 3626BPH2.DAT
1 82 20 -8 0 1 0 0 0 1 0 0 0 1 973P3B.DAT
1 15 35.400002 0 0 0.985435 0.170055 0 -0.170055 0.985435 0 0 0 1 3819.DAT
1 14 43.558212 17.872986 -10 0.985435 0.120247 -0.120247 -0.170055 0.696808 -0.696808 0 0.707107 0.707107 3820.DAT
1 178 44.08046 20.899323 -23.999271 -0.147272 0.085027 -0.985435 -0.853411 0.492717 0.170055 0.5 0.866025 0 61975.dat
1 15 4.6 0 0 0.985435 -0.170055 0 0.170055 0.985435 0 0 0 1 3818.DAT
1 14 -3.558212 17.872986 -10 0.985435 -0.120247 0.120247 0.170055 0.696808 -0.696808 0 0.707107 0.707107 3820.DAT
1 82 20 24 0 1 0 0 0 1 0 0 0 1 3815.DAT
1 82 20 36 0 1 0 0 0 1 0 0 0 1 3817.DAT
1 82 20 36 0 1 0 0 0 1 0 0 0 1 3816.DAT
0 STEP